>> 0 0 33 51
>> 0 0 33 51
>> 0 0 33 51
>> 0 1 33 51
>> 0 15 33 51
>> 0 25 33 51
>> 0 25 33 51
>> 0 23 33 51
>> 0 20 33 51
>> 0 17 33 51
>> 0 17 33 51
>> 0 17 33 51
>> 0 17 33 51
>> 0 17 33 51
>> 0 17 33 51
>> 0 17 33 51
>> 0 17 33 51
>> 0 17 33 51
>> 0 17 33 51
>> 0 17 33 51
>> 0 17 33 51
>> 0 17 33 51
>> 0 17 33 51
>> 0 17 33 51
>> 0 17 33 51
>> 0 17 33 51
>> 0 17 33 51
>> 0 17 33 51
>> 0 17 33 51
>> 0 17 33 51
>> 0 17 33 51
>> 0 17 33 51
>> 0 17 33 51
>> 0 17 33 51
>> 0 17 33 51
>> 0 17 33 51
>> 0 17 33 51
>> 0 17 33 51
>> 0 17 33 51
>> 0 17 33 51
>> 0 17 33 51
>> 0 17 33 51
>> 0 17 33 51
>> 0 17 33 51
>> 0 17 33 51
>> 0 17 33 51
>> 0 17 33 51
>> 0 17 33 51
>> 0 17 33 51
>> 0 17 33 51
>> 0 17 33 51
>> 0 17 33 51
>> 0 17 33 51
>> 0 17 33 51
>> 0 17 33 51
>> 0 17 33 51
>> 0 17 33 51
>> 0 17 33 51
>> 0 17 33 51
>> 0 17 33 51
>> 0 17 33 51
>> 0 17 33 51
>> 0 17 33 51
>> 0 17 33 51
>> 0 17 33 51
>> 0 17 33 51
>> 0 17 33 51
>> 0 17 33 51
>> 0 17 33 51
>> 0 17 33 51
>> 0 17 33 51
>> 0 17 33 51
>> 0 17 33 51
>> 0 17 33 51
>> 0 17 33 51
>> 0 17 33 51
>> 0 17 33 51
>> 0 17 33 51
>> 0 17 33 51
>> 0 17 33 51
>> 0 17 33 51
>> 0 17 33 51
>> 0 17 33 51
>> 0 17 33 51
>> 0 17 33 51
>> 0 17 33 51
>> 0 17 33 51
>> 0 17 33 51
>> 0 17 33 51
>> 0 17 33 51
>> 0 17 33 51
>> 0 17 33 51
>> 0 17 33 51
>> 0 17 33 51
>> 0 17 33 51
>> 0 17 33 51
>> 0 17 33 51
>> 0 17 33 51
>> 0 17 33 51
>> 0 17 33 51
>> 0 17 33 51
>> 0 17 33 51
>> 0 17 33 51
>> 0 17 33 51
>> 0 17 33 51
>> 0 17 33 51
>> 0 17 33 51
>> 0 17 33 51
>> 0 17 33 51
>> 0 17 33 51
>> 0 17 33 51
>> 0 17 33 51
>> 0 17 33 51
>> 0 17 33 51
>> 0 17 33 51
>> 0 17 33 51
>> 0 17 33 51
>> 0 17 33 51
>> 0 17 33 51
>> 0 17 33 51
>> 0 17 33 51
>> 0 17 33 51
>> 0 17 33 51
>> 0 17 33 51
>> 0 17 33 51
>> 0 17 33 51
>> 0 17 33 51
>> 0 17 33 51
>> 0 17 33 51
>> 0 17 33 51
>> 0 17 33 51
>> 0 17 33 51
>> 0 17 33 51
>> 0 17 33 51
>> 0 17 33 51
>> 0 17 33 51
>> 0 17 33 51
>> 0 17 33 51
>> 0 17 33 51
>> 0 17 33 51
>> 0 17 33 51
>> 0 17 33 51
>> 0 17 33 51
>> 0 17 33 51
>> 0 17 33 51
>> 0 17 33 51
>> 0 17 33 51
>> 0 17 33 51
>> 0 17 33 51
>> 0 17 33 51
>> 0 17 33 51
>> 0 17 33 51
>> 0 17 33 51
>> 0 17 33 51
>> 0 17 33 51
>> 0 17 33 51
>> 0 17 33 51
>> 0 17 33 51
>> 0 17 33 51
>> 0 17 33 51
>> 0 17 33 51
>> 0 17 33 51
>> 0 17 33 51
>> 0 17 33 51
>> 0 17 33 51
>> 0 17 33 51
>> 0 17 33 51
>> 0 17 33 51
>> 0 17 33 51
>> 0 17 33 51
>> 0 17 33 51
>> 0 17 33 51
>> 0 17 33 51
>> 0 17 33 51
>> 0 17 33 51
>> 0 17 33 51
>> 0 17 33 51
>> 0 17 33 51
>> 0 17 33 51
>> 0 17 33 51
>> 0 17 33 51
>> 0 17 33 51
>> 0 17 33 51
>> 0 17 33 51
>> 0 17 33 51
>> 0 17 33 51
>> 0 17 33 51
>> 0 17 33 51
>> 0 17 33 51
>> 0 17 33 51
>> 0 17 33 51
>> 0 17 33 51
>> 0 17 33 51
>> 0 17 33 51
>> 0 17 33 51
>> 0 17 33 51
>> 0 17 33 51
>> 0 17 33 51
>> 0 17 33 51
>> 0 17 33 51
>> 0 17 33 51
>> 0 17 33 51
>> 0 17 33 51
>> 0 17 33 51
>> 0 17 33 51
>> 0 17 33 51
>> 0 17 33 51
>> 0 17 33 51
>> 0 17 33 51
>> 0 17 33 51
>> 0 17 33 51
>> 0 17 33 51
>> 0 17 33 51
>> 0 17 33 51
>> 0 17 33 51
>> 0 17 33 51
>> 0 17 33 51
>> 0 17 33 51
>> 0 17 33 51
>> 0 17 33 51
>> 0 17 33 51
>> 0 17 33 51
>> 0 17 33 51
>> 0 17 33 51
>> 0 17 33 51
>> 0 17 33 51
>> 0 17 33 51
>> 0 17 33 51
>> 0 17 33 51
>> 0 17 33 51
>> 0 17 33 51
>> 0 17 33 51
>> 0 17 33 51
>> 0 17 33 51
>> 0 17 33 51
>> 0 17 33 51
>> 0 17 33 51
>> 0 17 33 51
>> 0 17 33 51
>> 0 17 33 51
>> 0 17 33 51
>> 0 17 33 51
>> 0 17 33 51
>> 0 17 33 51
>> 0 17 33 51
>> 0 17 33 51
>> 0 17 33 51
>> 0 17 33 51
>> 0 17 33 51
>> 0 17 33 51
>> 0 17 33 51
>> 0 17 33 51
>> 0 17 33 51
>> 0 17 33 51
>> 0 17 33 51
>> 0 17 33 51
>> 0 17 33 51
>> 0 17 33 51
>> 0 17 33 51
>> 0 17 33 51
>> 0 17 33 51
>> 0 19 33 51
>> 0 21 33 51
>> 0 21 33 51
>> 0 21 33 51
>> 0 21 33 51
>> 0 21 33 51
>> 0 20 33 51
>> 0 20 33 51
>> 0 7 33 51
>> 0 0 33 51
>> 0 0 33 51
>> 0 0 33 51
>> 0 0 33 51
>> 0 0 33 51
>> 0 0 33 51
>> 0 0 33 51
>> 0 0 33 51
>> 0 0 33 51
>> 0 0 33 51
>> 0 0 33 51
>> 0 0 33 51
>> 0 0 33 51
>> 0 0 33 51
>> 0 0 33 51
>> 0 0 33 51
>> 0 0 33 51
>> 0 0 33 51
>> 0 0 33 51
>> 0 0 33 51
>> 0 0 33 51
>> 0 0 33 51
>> 0 0 33 51
>> 0 0 33 51
>> 0 0 33 51
>> 0 0 33 51
>> 0 0 33 51
>> 0 0 33 51
>> 0 0 33 51
>> 0 0 33 51
>> 0 0 33 51
>> 0 0 33 51
>> 0 0 33 51
>> 0 0 33 51
>> 0 0 33 51
>> 0 0 33 51
>> 0 0 33 51
>> 0 0 33 51
>> 0 0 33 51
>> 0 0 33 51
>> 0 0 33 51
>> 0 0 33 51
>> 0 0 33 51
>> 0 0 33 51
>> 0 0 33 51
>> 0 0 33 51
>> 0 0 33 51
>> 0 0 33 51
>> 0 0 33 51
>> 0 0 33 51
>> 0 0 33 51
>> 0 0 33 51
>> 0 0 33 51
>> 0 0 33 51
>> 0 0 33 51
>> 0 0 33 51
>> 0 0 33 51
>> 0 0 33 51
>> 0 0 33 51
>> 0 0 33 51
>> 0 0 33 51
>> 0 0 33 51
>> 0 0 33 51
>> 0 0 33 51
>> 0 0 33 51
>> 0 0 33 51
>> 0 0 33 51
>> 0 0 33 51
>> 0 0 33 51
>> 0 0 33 51
>> 0 0 33 51
>> 0 0 33 51
>> 0 0 33 51
>> 0 0 33 51
>> 0 0 33 51
>> 0 0 33 51
>> 0 0 33 51
>> 0 0 33 51
>> 0 0 33 51
>> 0 0 33 51
>> 0 0 33 51
>> 0 0 33 51
>> 0 0 33 51
>> 0 0 33 51
>> 0 0 33 51
>> 0 0 33 51
>> 0 0 33 51
>> 0 0 33 51
>> 0 0 33 51
>> 0 0 33 51
>> 0 0 33 51
>> 0 0 33 51
>> 0 0 33 51
>> 0 0 33 51
>> 0 0 33 51
>> 0 0 33 51
>> 0 0 33 51
>> 0 0 33 51
>> 0 0 33 51
>> 0 0 33 51
>> 0 0 33 51
>> 0 0 33 51
>> 0 0 33 51
>> 0 0 33 51
>> 0 0 33 51
>> 0 0 33 51
>> 0 0 33 51
>> 0 0 33 51
>> 0 0 33 51
>> 0 0 33 51
>> 0 0 33 51
>> 0 0 33 51
>> 0 0 33 51
>> 0 0 33 51
>> 0 0 33 51
>> 0 0 33 51
>> 0 0 33 51
>> 0 0 33 51
>> 0 0 33 51
>> 0 0 33 51
>> 0 0 33 51
>> 0 0 33 51
>> 0 0 33 51
>> 0 0 33 51
>> 0 0 33 51
>> 0 0 33 51
>> 0 0 33 51
>> 0 0 33 51
>> 0 0 33 51
>> 0 0 33 51
>> 0 0 33 51
>> 0 0 33 51
>> 0 0 33 51
>> 0 0 33 51
>> 0 0 33 51
>> 0 0 33 51
>> 0 0 33 51
>> 0 0 33 51
>> 0 0 33 51
>> 0 0 33 51
>> 0 0 33 51
>> 0 0 33 51
>> 0 0 33 51
>> 0 0 33 51
>> 0 0 33 51
>> 0 0 33 51
>> 0 0 33 51
>> 0 0 33 51
>> 0 0 33 51
>> 0 0 33 51
>> 0 0 33 51
>> 0 0 33 51
>> 0 0 33 51
>> 0 0 33 51
>> 0 0 33 51
>> 0 0 33 51
>> 0 0 33 51
>> 0 0 33 51
>> 0 0 33 51
>> 0 0 33 51
>> 0 0 33 51
>> 0 0 33 51
>> 0 0 33 51
>> 0 0 33 51
>> 0 0 33 51
>> 0 0 33 51
>> 0 0 33 51
>> 0 0 33 51
>> 0 0 33 51
>> 0 0 33 51
>> 0 0 33 51
>> 0 0 33 51
>> 0 0 33 51
>> 0 0 33 51
>> 0 0 33 51
>> 0 0 33 51
>> 0 0 33 51
>> 0 0 33 51
>> 0 0 33 51
>> 0 0 33 51
>> 0 0 33 51
>> 0 0 33 51
>> 0 0 33 51
>> 0 0 33 51
>> 0 0 33 51
>> 0 0 33 51
>> 0 0 33 51
>> 0 0 33 51
>> 0 0 33 51
>> 0 0 33 51
>> 0 0 33 51
>> 0 0 33 51
>> 0 0 33 51
>> 0 0 33 51
>> 0 0 33 51
>> 0 0 33 51
>> 0 0 33 51
>> 0 0 33 51
>> 0 0 33 51
>> 0 0 33 51
>> 0 0 33 51
>> 0 0 33 51
>> 0 0 33 51
>> 0 0 33 51
>> 0 0 33 51
>> 0 0 33 51
>> 0 0 33 51
>> 0 0 33 51
>> 0 0 33 51
>> 0 0 33 51
>> 0 0 33 51
>> 0 0 33 51
>> 0 0 33 51
>> 0 0 33 51
>> 0 0 33 51
>> 0 0 33 51
>> 0 0 33 51
>> 0 0 33 51
>> 0 0 33 51
>> 0 0 33 51
>> 0 0 33 51
>> 0 0 33 51
>> 0 0 33 51
>> 0 0 33 51
>> 0 0 33 51
>> 0 0 33 51
>> 0 0 33 51
>> 0 0 33 51
>> 0 0 33 51
>> 0 0 33 51
>> 0 0 33 51
>> 0 0 33 51
>> 0 0 33 51
>> 0 0 33 51
>> 0 0 33 51
>> 0 0 33 51
>> 0 0 33 51
>> 0 0 33 51
>> 0 0 33 51
>> 0 0 33 51
